[cosmological_parameters]
omega_m      =  0.3111
h0           =  0.6766
omega_b      =  0.04897
n_s          =  0.9665
A_s          =  2.10520933e-09 
omnuh2       =  0.0006155
w            = -1.0
massive_nu   =  1
massless_nu  =  2.046
omega_k      =  0.0
tau          =  0.0561
wa           =  0.0

[shear_calibration_parameters]
m1 = 0.001
m2 = 0.001
m3 = 0.001
m4 = 0.001
m5 = 0.001
m6 = 0.001
m7 = 0.001
m8 = 0.001

[intrinsic_alignment_parameters]
A = 1.0
alpha = 0.0 
z0 = 0.62
z_piv = 0.62

[wl_photoz_errors]
bias_1 = 0.001
bias_2 = 0.001
bias_3 = 0.001
bias_4 = 0.001
bias_5 = 0.001
bias_6 = 0.001
bias_7 = 0.001
bias_8 = 0.001

[bias_parameters]
b_1 = 1.45
b_2 = 1.55
b_3 = 1.65
b_4 = 1.8
b_5 = 2.0
b_6 = 2.1
b_7 = 2.5

[lens_photoz_errors]
bias_1 = 0.0
bias_2 = 0.0
bias_3 = 0.0
bias_4 = 0.0
bias_5 = 0.0
bias_6 = 0.0
bias_7 = 0.0

[halo_model_parameters]
a=3.13
eta=0.603