[2pt_like]
angle_range_xip_3_3 = 0.000000 999999.000000
angle_range_xip_3_2 = 2.864383 999999.000000
angle_range_xip_3_1 = 3.606045 999999.000000
angle_range_xip_1_4 = 3.606045 999999.000000
angle_range_xip_2_2 = 2.864383 999999.000000
angle_range_xip_2_3 = 2.864383 999999.000000
angle_range_xip_2_1 = 3.606045 999999.000000
angle_range_xip_2_4 = 2.864383 999999.000000
angle_range_xip_4_1 = 3.606045 999999.000000
angle_range_xip_4_2 = 2.864383 999999.000000
angle_range_xip_4_3 = 0.000000 999999.000000
angle_range_xip_1_1 = 4.539741 999999.000000
angle_range_xip_1_3 = 3.606045 999999.000000
angle_range_xip_1_2 = 3.606045 999999.000000
angle_range_xip_4_4 = 0.000000 999999.000000
angle_range_xim_3_4 = 22.752604 999999.000000
angle_range_xim_3_2 = 28.643832 999999.000000
angle_range_xim_3_3 = 22.752604 999999.000000
angle_range_xim_3_1 = 36.060448 999999.000000
angle_range_xim_1_1 = 45.397414 999999.000000
angle_range_xim_1_2 = 36.060448 999999.000000
angle_range_xim_1_3 = 36.060448 999999.000000
angle_range_xim_4_1 = 36.060448 999999.000000
angle_range_xim_4_3 = 22.752604 999999.000000
angle_range_xim_4_2 = 28.643832 999999.000000
angle_range_xim_4_4 = 18.073036 999999.000000
angle_range_xim_2_4 = 28.643832 999999.000000
angle_range_xim_2_3 = 28.643832 999999.000000
angle_range_xim_2_2 = 28.643832 999999.000000
angle_range_xim_2_1 = 36.060448 999999.000000
angle_range_xim_1_4 = 36.060448 999999.000000
angle_range_gammat_1_4 = 11.403315 999999.000000
angle_range_gammat_1_2 = 11.403315 999999.000000
angle_range_gammat_1_3 = 11.403315 999999.000000
angle_range_gammat_1_1 = 14.355923 999999.000000
angle_range_gammat_2_1 = 9.057975 999999.000000
angle_range_gammat_2_3 = 9.057975 999999.000000
angle_range_gammat_2_2 = 9.057975 999999.000000
angle_range_gammat_2_5 = 4.539741 999999.000000
angle_range_gammat_2_4 = 9.057975 999999.000000
angle_range_gammat_3_1 = 5.715196 999999.000000
angle_range_gammat_3_2 = 5.715196 999999.000000
angle_range_gammat_3_3 = 5.715196 999999.000000
angle_range_gammat_3_4 = 5.715196 999999.000000
angle_range_gammat_3_5 = 4.539741 999999.000000
angle_range_gammat_4_3 = 4.539741 999999.000000
angle_range_gammat_4_2 = 4.539741 999999.000000
angle_range_gammat_4_1 = 11.403315 999999.000000
angle_range_gammat_4_5 = 3.606045 999999.000000
angle_range_gammat_4_4 = 4.539741 999999.000000
angle_range_gammat_5_2 = 4.539741 999999.000000
angle_range_gammat_5_3 = 4.539741 999999.000000
angle_range_gammat_5_4 = 3.606045 999999.000000
angle_range_wtheta_4_4 = 0.000000 999999.000000
angle_range_wtheta_3_3 = 0.000000 999999.000000
angle_range_wtheta_1_1 = 2.864383 999999.000000
angle_range_wtheta_5_5 = 0.000000 999999.000000
angle_range_wtheta_2_2 = 0.000000 999999.000000
