[2pt_like]
angle_range_xip_1_1 : 800.195005 999.0
angle_range_xip_2_1 : 800.195005 999.0
angle_range_xip_3_1 : 800.715196 999.0
angle_range_xip_4_1 : 800.715196 999.0
angle_range_xip_2_2 : 4.539741 999.0
angle_range_xip_3_2 : 4.539741 999.0
angle_range_xip_4_2 : 4.539741 999.0
angle_range_xip_3_3 : 3.606045 999.0
angle_range_xip_4_3 : 3.606045 999.0
angle_range_xip_4_4 : 3.606045 999.0
angle_range_xip_1_2 : 800.195005 999.0
angle_range_xip_1_3 : 800.715196 999.0
angle_range_xip_1_4 : 800.715196 999.0
angle_range_xip_2_3 : 4.539741 999.0
angle_range_xip_2_4 : 4.539741 999.0
angle_range_xip_3_4 : 3.606045 999.0

angle_range_xim_1_1 : 800.579750 999.0
angle_range_xim_2_1 : 800.950053 999.0
angle_range_xim_3_1 : 800.950053 999.0
angle_range_xim_4_1 : 800.950053 999.0
angle_range_xim_2_2 : 57.151958 999.0
angle_range_xim_3_2 : 57.151958 999.0
angle_range_xim_4_2 : 45.397414 999.0
angle_range_xim_3_3 : 45.397414 999.0
angle_range_xim_4_3 : 45.397414 999.0
angle_range_xim_4_4 : 36.060448 999.0
angle_range_xim_1_2 : 800.950053 999.0
angle_range_xim_1_3 : 800.950053 999.0
angle_range_xim_1_4 : 800.950053 999.0
angle_range_xim_2_3 : 57.151958 999.0
angle_range_xim_2_4 : 45.397414 999.0
angle_range_xim_3_4 : 45.397414 999.0

angle_range_gammat_1_1 : 250.0 250.0
angle_range_gammat_1_2 : 64.0 250.0
angle_range_gammat_1_3 : 64.0 250.0
angle_range_gammat_1_4 : 64.0 250.0
angle_range_gammat_2_1 : 250.0 250.0
angle_range_gammat_2_2 : 40.0 250.0
angle_range_gammat_2_3 : 40.0 250.0
angle_range_gammat_2_4 : 40.0 250.0
angle_range_gammat_3_1 : 250.0 250.0
angle_range_gammat_3_2 : 30.0 250.0
angle_range_gammat_3_3 : 30.0 250.0
angle_range_gammat_3_4 : 30.0 250.0
angle_range_gammat_4_1 : 250.0 250.0
angle_range_gammat_4_2 : 24.0 250.0
angle_range_gammat_4_3 : 24.0 250.0
angle_range_gammat_4_4 : 24.0 250.0
angle_range_gammat_5_1 : 250.0 250.0
angle_range_gammat_5_2 : 21.0 250.0
angle_range_gammat_5_3 : 21.0 250.0
angle_range_gammat_5_4 : 21.0 250.0

angle_range_wtheta_1_1 : 43.0 250.0
angle_range_wtheta_2_2 : 27.0 250.0
angle_range_wtheta_3_3 : 20.0 250.0
angle_range_wtheta_4_4 : 16.0 250.0
angle_range_wtheta_5_5 : 14.0 250.0