[2pt_like]
angle_range_xip_3_3 = 5.715196 999999.000000
angle_range_xip_3_2 = 5.715196 999999.000000
angle_range_xip_3_1 = 7.195005 999999.000000
angle_range_xip_1_4 = 7.195005 999999.000000
angle_range_xip_2_2 = 7.195005 999999.000000
angle_range_xip_2_3 = 5.715196 999999.000000
angle_range_xip_2_1 = 9.057975 999999.000000
angle_range_xip_2_4 = 5.715196 999999.000000
angle_range_xip_3_4 = 4.539741 999999.000000
angle_range_xip_4_1 = 7.195005 999999.000000
angle_range_xip_4_2 = 5.715196 999999.000000
angle_range_xip_4_3 = 4.539741 999999.000000
angle_range_xip_1_1 = 9.057975 999999.000000
angle_range_xip_1_3 = 7.195005 999999.000000
angle_range_xip_1_2 = 9.057975 999999.000000
angle_range_xip_4_4 = 4.539741 999999.000000
angle_range_xim_3_4 = 71.950053 999999.000000
angle_range_xim_3_2 = 90.579750 999999.000000
angle_range_xim_3_3 = 71.950053 999999.000000
angle_range_xim_3_1 = 114.033149 999999.000000
angle_range_xim_1_1 = 143.559229 999999.000000
angle_range_xim_1_2 = 114.033149 999999.000000
angle_range_xim_1_3 = 114.033149 999999.000000
angle_range_xim_4_1 = 114.033149 999999.000000
angle_range_xim_4_3 = 71.950053 999999.000000
angle_range_xim_4_2 = 71.950053 999999.000000
angle_range_xim_4_4 = 57.151958 999999.000000
angle_range_xim_2_4 = 71.950053 999999.000000
angle_range_xim_2_3 = 90.579750 999999.000000
angle_range_xim_2_2 = 90.579750 999999.000000
angle_range_xim_2_1 = 114.033149 999999.000000
angle_range_xim_1_4 = 114.033149 999999.000000
angle_range_gammat_1_4 = 28.643832 999999.000000
angle_range_gammat_1_2 = 28.643832 999999.000000
angle_range_gammat_1_3 = 28.643832 999999.000000
angle_range_gammat_1_1 = 28.643832 999999.000000
angle_range_gammat_2_1 = 18.073036 999999.000000
angle_range_gammat_2_3 = 18.073036 999999.000000
angle_range_gammat_2_2 = 18.073036 999999.000000
angle_range_gammat_2_5 = 7.195005 999999.000000
angle_range_gammat_2_4 = 18.073036 999999.000000
angle_range_gammat_3_1 = 14.355923 999999.000000
angle_range_gammat_3_2 = 11.403315 999999.000000
angle_range_gammat_3_3 = 11.403315 999999.000000
angle_range_gammat_3_4 = 11.403315 999999.000000
angle_range_gammat_3_5 = 7.195005 999999.000000
angle_range_gammat_4_3 = 9.057975 999999.000000
angle_range_gammat_4_2 = 9.057975 999999.000000
angle_range_gammat_4_1 = 28.643832 999999.000000
angle_range_gammat_4_5 = 7.195005 999999.000000
angle_range_gammat_4_4 = 9.057975 999999.000000
angle_range_gammat_5_2 = 7.195005 999999.000000
angle_range_gammat_5_3 = 7.195005 999999.000000
angle_range_gammat_5_4 = 7.195005 999999.000000
angle_range_wtheta_4_4 = 4.539741 999999.000000
angle_range_wtheta_3_3 = 7.195005 999999.000000
angle_range_wtheta_1_1 = 14.355923 999999.000000
angle_range_wtheta_5_5 = 3.606045 999999.000000
angle_range_wtheta_2_2 = 9.057975 999999.000000
