angle_range_xip_1_1 : 7.195005 999.0
angle_range_xip_2_1 : 7.195005 999.0
angle_range_xip_3_1 : 5.715196 999.0
angle_range_xip_4_1 : 5.715196 999.0
angle_range_xip_2_2 : 4.539741 999.0
angle_range_xip_3_2 : 4.539741 999.0
angle_range_xip_4_2 : 4.539741 999.0
angle_range_xip_3_3 : 3.606045 999.0
angle_range_xip_4_3 : 3.606045 999.0
angle_range_xip_4_4 : 3.606045 999.0
angle_range_xip_1_2 : 7.195005 999.0
angle_range_xip_1_3 : 5.715196 999.0
angle_range_xip_1_4 : 5.715196 999.0
angle_range_xip_2_3 : 4.539741 999.0
angle_range_xip_2_4 : 4.539741 999.0
angle_range_xip_3_4 : 3.606045 999.0


angle_range_xip_5_1 : 7.195005 999.0
angle_range_xip_6_1 : 7.195005 999.0
angle_range_xip_7_1 : 5.715196 999.0
angle_range_xip_8_1 : 5.715196 999.0


angle_range_xip_5_2 : 4.539741 999.0
angle_range_xip_6_2 : 4.539741 999.0
angle_range_xip_7_2 : 4.539741 999.0
angle_range_xip_8_2 : 4.539741 999.0

angle_range_xip_5_3 : 3.606045 999.0
angle_range_xip_6_3 : 3.606045 999.0
angle_range_xip_7_3 : 3.606045 999.0
angle_range_xip_8_3 : 3.606045 999.0

angle_range_xip_5_4 : 5.715196 999.0
angle_range_xip_6_4 : 5.715196 999.0
angle_range_xip_7_4 : 5.715196 999.0
angle_range_xip_8_4 : 5.715196 999.0



angle_range_xip_5_5 : 7.195005 999.0
angle_range_xip_6_5 : 7.195005 999.0
angle_range_xip_7_5 : 5.715196 999.0
angle_range_xip_8_5 : 5.715196 999.0
angle_range_xip_6_6 : 4.539741 999.0
angle_range_xip_7_6 : 4.539741 999.0
angle_range_xip_8_6 : 4.539741 999.0
angle_range_xip_7_7 : 3.606045 999.0
angle_range_xip_8_7 : 3.606045 999.0
angle_range_xip_8_8 : 3.606045 999.0


angle_range_xim_1_1 : 90.579750 999.0
angle_range_xim_2_1 : 71.950053 999.0
angle_range_xim_3_1 : 71.950053 999.0
angle_range_xim_4_1 : 71.950053 999.0
angle_range_xim_2_2 : 57.151958 999.0
angle_range_xim_3_2 : 57.151958 999.0
angle_range_xim_4_2 : 45.397414 999.0
angle_range_xim_3_3 : 45.397414 999.0
angle_range_xim_4_3 : 45.397414 999.0
angle_range_xim_4_4 : 36.060448 999.0
angle_range_xim_1_2 : 71.950053 999.0
angle_range_xim_1_3 : 71.950053 999.0
angle_range_xim_1_4 : 71.950053 999.0
angle_range_xim_2_3 : 57.151958 999.0
angle_range_xim_2_4 : 45.397414 999.0
angle_range_xim_3_4 : 45.397414 999.0


angle_range_xim_5_5 : 90.579750 999.0
angle_range_xim_6_5 : 71.950053 999.0
angle_range_xim_7_5 : 71.950053 999.0
angle_range_xim_8_5 : 71.950053 999.0
angle_range_xim_6_6 : 57.151958 999.0
angle_range_xim_7_6 : 57.151958 999.0
angle_range_xim_8_6 : 45.397414 999.0
angle_range_xim_8_7 : 45.397414 999.0
angle_range_xim_8_7 : 45.397414 999.0
angle_range_xim_8_8 : 36.060448 999.0
angle_range_xim_5_6 : 71.950053 999.0
angle_range_xim_5_7 : 71.950053 999.0
angle_range_xim_5_8 : 71.950053 999.0
angle_range_xim_6_8 : 57.151958 999.0
angle_range_xim_6_8 : 45.397414 999.0
angle_range_xim_7_8 : 45.397414 999.0



angle_range_xim_5_1 : 90.579750 999.0
angle_range_xim_6_1 : 90.579750 999.0
angle_range_xim_7_1 : 71.950053 999.0
angle_range_xim_8_1 : 71.950053 999.0


angle_range_xim_5_2 : 57.151958 999.0
angle_range_xim_6_2 : 57.151958 999.0
angle_range_xim_7_2 : 57.151958 999.0
angle_range_xim_8_2 : 57.151958 999.0

angle_range_xim_5_3 : 45.397414 999.0
angle_range_xim_6_3 : 45.397414 999.0
angle_range_xim_7_3 : 45.397414 999.0
angle_range_xim_8_3 : 45.397414 999.0

angle_range_xim_5_4 : 45.397414 999.0
angle_range_xim_6_4 : 45.397414 999.0
angle_range_xim_7_4 : 45.397414 999.0
angle_range_xim_8_4 : 45.397414 999.0

