angle_range_xip_1_1 : 7.195005 999.0
angle_range_xip_2_1 : 7.195005 999.0
angle_range_xip_3_1 : 5.715196 999.0
angle_range_xip_4_1 : 5.715196 999.0
angle_range_xip_2_2 : 4.539741 999.0
angle_range_xip_3_2 : 4.539741 999.0
angle_range_xip_4_2 : 4.539741 999.0
angle_range_xip_3_3 : 3.606045 999.0
angle_range_xip_4_3 : 3.606045 999.0
angle_range_xip_4_4 : 3.606045 999.0
angle_range_xip_1_2 : 7.195005 999.0
angle_range_xip_1_3 : 5.715196 999.0
angle_range_xip_1_4 : 5.715196 999.0
angle_range_xip_2_3 : 4.539741 999.0
angle_range_xip_2_4 : 4.539741 999.0
angle_range_xip_3_4 : 3.606045 999.0
angle_range_xim_1_1 : 90.579750 999.0
angle_range_xim_2_1 : 71.950053 999.0
angle_range_xim_3_1 : 71.950053 999.0
angle_range_xim_4_1 : 71.950053 999.0
angle_range_xim_2_2 : 57.151958 999.0
angle_range_xim_3_2 : 57.151958 999.0
angle_range_xim_4_2 : 45.397414 999.0
angle_range_xim_3_3 : 45.397414 999.0
angle_range_xim_4_3 : 45.397414 999.0
angle_range_xim_4_4 : 36.060448 999.0
angle_range_xim_1_2 : 71.950053 999.0
angle_range_xim_1_3 : 71.950053 999.0
angle_range_xim_1_4 : 71.950053 999.0
angle_range_xim_2_3 : 57.151958 999.0
angle_range_xim_2_4 : 45.397414 999.0
angle_range_xim_3_4 : 45.397414 999.0
